   Eewald =       -2.1027929252573574
       EH =       12.6242865741920696
     Eloc =      -34.0924822166704402
      Enl =        2.2283604612009782
      Exc =       -4.3528349652691771
 Exc_core =        0.0650494059523429
       KE =        8.3648599170556359
-------------------------------------
     Etot =      -17.2655537487959485
